390
377
778
257
466
162
52
124
450
72
524
470
73
840
333
964
497
664
551
494
714
973
302
913
607
302
419
568
745
883
691
382
730
718
218
163
456
259
980
897
925
283
882
46
465
757
275
399
474
802
732
337
301
992
202
110
524
396
246
925
543
85
551
272
604
330
280
692
842
410
143
649
265
980
739
457
540
326
997
257
662
374
474
883
993
769
403
113
603
795
473
988
417
571
108
257
34
531
984
329
862
398
766
272
661
662
372
397
218
326
984
797
489
183
943
880
171
957
833
113
76
839
794
687
621
749
58
377
390
910
171
140
583
247
283
314
895
322
296
904
564
589
787
197
867
695
80
658
762
405
828
65
5
806
155
460
812
587
456
539
662
188
851
148
651
422
567
271
1
93
816
422
433
107
989
856
681
450
679
774
190
532
682
322
291
326
761
758
984
836
519
177
469
181
775
492
141
326
845
903
316
600
832
318
915
848
190
336
664
747
758
28
942
404
618
824
475
481
424
547
921
462
717
241
802
327
89
614
981
312
543
110
14
361
221
16
286
853
742
399
407
293
228
564
576
675
7
719
829
707
100
255
273
555
99
170
69
383
42
733
800
55
235
568
334
895
149
780
938
498
935
205
136
2
271
692
523
906
342
602
186
596
19
309
972
277
236
973
26
911
362
815
217
904
119
797
175
45
479
415
90
248
745
557
194
874
321
430
658
231
429
390
481
951
167
494
200
311
294
175
833
562
377
520
847
5
970
141
578
754
169
305
446
626
533
563
347
132
903
277
766
412
428
704
720
252
349
862
812
311
827
671
112
556
658
734
85
586
127
788
787
189
235
300
620
687
303
161
891
177
879
689
695
765
906
788
850
768
941
27
911
230
209
218
74
643
789
397
268
120
438
712
214
558
979
581
784
8
637
820
77
687
673
968
311
460
268
263
133
469
388
196
872
743
373
543
208
40
836
771
634
954
171
819
330
161
746
841
28
526
721
750
222
617
953
922
854
177
731
255
102
941
247
89
959
12
834
976
213
840
383
692
472
80
274
673
255
889
536
443
714
142
295
730
752
92
900
698
675
601
170
456
822
431
293
512
415
289
938
977
12
267
719
744
550
500
102
524
992
862
297
690
476
897
346
985
921
589
69
6
344
895
249
855
615
944
431
431
334
312
940
552
469
659
144
50
473
782
539
71
856
888
271
918
835
227
93
694
899
801
105
787
652
607
222
328
827
610
738
646
832
484
579
25
770
584
354
22
910
824
430
237
667
502
899
814
875
400
283
330
279
532
197
540
617
199
233
444
690
979
279
936
536
474
435
668
523
393
320
396
911
121
154
721
137
771
484
585
447
253
999
149
307
720
831
905
863
232
832
467
18
213
107
939
478
740
157
387
653
815
915
63
49
351
680
452
616
570
62
283
431
421
537
683
335
295
853
428
590
495
215
758
66
824
157
775
87
988
952
705
960
178
909
937
221
76
184
888
590
349
601
790
946
827
174
90
155
405
159
197
769
388
678
518
624
159
773
610
5
192
605
795
91
814
408
557
289
510
422
457
826
863
4
622
249
805
648
634
107
426
582
819
386
505
459
596
999
205
698
208
841
666
917
849
853
568
117
117
624
45
115
134
38
367
572
101
767
408
486
110
414
6
726
647
120
22
725
650
57
22
948
503
475
671
822
556
541
132
580
283
598
708
628
69
452
218
318
352
47
219
406
73
47
703
470
639
667
585
212
53
155
796
185
80
448
548
895
433
148
219
798
378
129
561
304
835
244
443
448
13
849
633
452
736
511
590
900
475
304
765
944
810
881
418
444
735
6
945
509
478
649
234
183
567
503
974
998
209
237
249
373
242
228
899
393
787
584
259
951
766
139
837
620
367
10
622
741
798
513
137
845
424
757
802
558
11
284
338
362
218
736
454
683
875
568
953
661
102
80
173
520
746
525
317
91
957
529
176
912
70
458
67
205
217
390
424
329
695
401
647
573
515
223
744
18
234
960
883
839
571
870
678
827
655
697
410
222
618
942
945
995
778
556
530
262
948
334
1000
423
714
240
693
989
940
486
375
328
530
604
804
523
300
390
549
661
651
579
188
488
243
486
341
704
482
689
390
406
44
13
895
27
400
853
403
444
573
425
74
759
173
198
49
260
36
176
121
779
700
954
969
375
966
702
15
210
512
540
185
527
828
207
367
895
798
354
358
323
775
993
432
968
357
635
856
495
475
473
279
954
215
423
317
886
352
196
177
734
160
80
598
337
907
303
894
15
260
883
774
32
891